30.0
100
14.8 14.8 13.7
13.7 14.9 12.7
14.5 11.7 14.0
13.2 12.3 14.3
14.5 10.8 14.5
13.7 13.8 12.0
12.5 12.0 14.5
13.8 10.3 15.0
10.4 13.4 14.7
13.8 13.7 10.8
10.6 13.7 13.9
14.9 11.1 11.7
13.8 9.6 12.7
11.2 10.3 14.3
12.6 11.0 11.7
13.2 14.4 8.4
10.0 13.3 12.0
12.2 10.3 12.6
12.6 11.2 11.2
14.8 7.9 11.7
8.9 10.7 14.3
10.4 8.7 14.2
11.5 11.2 9.9
11.8 7.0 14.8
14.1 9.5 9.1
10.1 14.0 8.4
10.2 9.6 12.1
7.5 11.5 13.5
7.8 12.7 11.7
11.2 9.8 10.5
11.5 12.3 7.9
14.2 5.9 13.3
11.4 12.5 7.8
14.2 9.2 8.5
14.6 8.8 8.3
10.1 14.8 7.1
12.4 6.5 12.8
13.8 11.3 6.5
12.3 10.1 8.1
12.3 8.0 9.9
13.8 5.8 11.7
8.7 9.3 11.2
11.8 10.0 7.6
7.5 8.5 14.0
9.4 8.5 11.1
5.9 13.6 11.0
12.3 7.6 9.1
14.7 5.2 11.1
5.7 11.0 13.3
13.8 8.3 7.1
9.2 9.0 9.8
13.1 5.9 10.3
9.9 9.1 8.7
7.5 9.5 11.0
8.1 9.3 10.4
12.8 11.3 5.4
7.4 7.7 13.7
13.1 6.1 9.7
9.4 5.8 14.2
8.5 12.9 7.0
10.0 7.8 9.7
7.0 11.7 9.0
9.1 10.3 7.8
6.0 11.9 10.0
8.3 6.0 14.3
8.2 9.4 8.9
13.7 7.7 6.5
10.4 5.7 11.4
11.2 7.8 7.7
8.1 6.1 13.5
10.0 9.2 7.2
12.3 6.9 7.8
12.3 9.6 5.6
9.0 10.2 7.2
10.3 5.6 11.4
8.2 6.3 12.6
14.4 7.9 5.7
11.6 5.4 9.7
7.5 10.7 7.3
6.5 10.9 8.2
8.1 5.2 13.4
7.5 12.7 5.9
8.1 9.7 7.1
6.8 9.3 8.5
10.6 5.6 8.9
10.7 6.8 7.0
7.6 10.1 6.5
7.4 6.9 9.0
6.5 10.8 6.5
11.6 5.0 7.7
5.2 12.9 6.4
7.9 5.2 10.4
10.1 5.8 7.0
6.6 9.3 6.6
7.0 9.7 5.9
5.4 6.2 10.4
9.9 5.5 5.7
5.3 9.9 5.7
5.8 8.5 5.8
5.2 5.2 6.2
