30.0
200
14.6 14.5 15.0
14.0 14.4 14.9
12.5 13.5 14.7
12.6 14.2 13.8
14.8 13.6 12.2
14.8 14.6 11.2
13.8 14.3 11.2
12.6 11.5 14.8
14.6 13.1 10.4
11.1 14.5 12.1
12.6 14.7 10.5
12.9 12.1 12.4
12.6 14.3 10.7
13.4 12.2 11.7
10.8 14.5 12.0
11.7 12.5 12.8
12.9 9.8 14.2
11.1 12.0 13.2
14.3 12.0 10.2
10.0 12.3 14.1
14.2 13.9 8.7
10.0 14.8 11.6
9.0 14.7 12.9
14.0 8.7 13.6
14.0 11.0 10.7
14.2 8.8 13.1
9.1 13.8 12.9
8.8 12.7 14.4
13.4 9.0 13.2
14.0 9.3 12.2
10.9 14.7 9.9
12.1 11.1 11.8
14.4 9.8 11.2
13.1 11.7 10.0
12.4 9.9 12.3
10.0 11.8 12.7
10.9 14.3 9.6
14.2 10.2 10.3
11.2 13.3 10.0
10.7 14.8 9.4
13.1 12.0 9.1
13.2 13.0 8.1
12.2 13.4 8.5
8.4 11.1 14.9
13.8 8.3 12.1
14.8 9.2 10.1
8.2 11.3 14.6
11.5 9.5 12.2
13.0 8.2 12.4
14.5 6.0 15.0
14.7 6.9 12.8
11.3 11.2 10.2
7.8 12.3 13.4
7.6 15.0 11.2
9.7 11.2 11.7
9.9 12.1 10.5
13.7 14.3 6.4
14.8 9.5 8.8
7.9 10.9 14.0
12.1 11.1 8.9
11.5 11.5 9.0
6.8 14.9 11.7
13.7 9.1 9.4
10.4 8.9 12.6
13.1 10.6 8.3
7.8 10.4 14.2
11.3 6.9 14.7
11.6 13.5 7.3
13.3 8.7 9.5
14.2 6.3 12.2
10.1 12.0 8.9
9.8 11.7 9.4
13.3 8.3 9.7
6.2 11.6 14.8
14.2 8.7 8.6
9.4 13.9 8.0
5.2 14.3 14.0
5.5 13.3 14.2
7.8 12.2 10.8
5.8 11.9 14.8
13.4 11.9 6.4
14.2 9.3 7.7
14.1 8.6 8.3
10.6 8.7 10.9
13.9 9.6 7.4
10.8 10.0 9.1
8.9 10.2 10.8
11.2 11.5 7.6
9.7 8.4 11.9
9.2 13.9 7.5
10.4 6.4 14.4
6.6 9.8 14.7
6.1 14.6 10.5
10.3 6.0 14.9
9.2 13.6 7.3
11.5 7.9 9.9
12.5 10.5 6.8
8.5 12.8 8.2
14.9 6.4 9.2
11.6 5.1 14.8
12.8 6.9 9.9
9.3 10.1 9.3
9.9 9.0 9.7
14.7 10.3 5.7
11.8 6.5 11.2
11.7 5.1 14.3
9.8 12.8 6.8
10.4 11.5 7.0
9.7 6.7 12.8
5.7 10.9 13.2
8.7 6.9 13.3
5.2 10.3 14.9
14.8 5.2 10.3
7.1 10.9 10.2
9.5 5.7 14.5
12.4 7.0 9.0
12.0 9.2 7.0
7.1 11.7 9.3
11.5 11.5 5.8
14.4 6.6 7.9
14.8 8.4 6.0
12.3 5.2 11.6
5.4 11.8 11.5
8.5 11.8 7.3
5.3 14.0 9.7
5.9 10.2 11.9
11.9 9.5 6.3
6.9 8.0 12.9
12.1 5.8 10.1
9.9 9.4 7.6
9.4 8.2 9.0
9.2 8.0 8.9
12.8 9.6 5.3
11.5 6.8 8.3
6.3 12.1 8.5
9.3 9.1 7.6
8.9 8.1 8.8
5.3 14.7 8.1
6.5 12.9 7.5
11.6 8.6 6.3
9.2 11.0 6.2
5.3 10.5 11.0
8.9 6.9 9.9
9.4 9.7 6.6
13.0 6.6 7.0
8.0 14.5 5.1
11.8 6.5 7.6
7.2 8.7 9.3
13.1 7.7 5.7
13.4 8.4 5.1
6.7 13.4 6.3
7.0 13.9 5.8
11.0 9.2 5.4
5.3 9.8 10.4
7.3 5.6 13.2
7.1 5.9 12.7
10.6 8.6 5.7
10.0 8.2 6.2
5.3 9.8 9.7
8.7 8.9 6.5
9.4 5.5 9.7
5.7 6.8 12.9
12.0 7.7 5.4
6.4 12.7 6.1
6.7 6.2 11.9
9.7 7.7 6.6
7.9 9.3 6.5
12.8 6.5 5.7
8.6 7.8 7.0
5.7 9.8 8.3
11.6 5.3 7.5
7.8 9.0 6.5
5.7 12.3 6.5
6.3 11.8 6.1
5.3 12.0 7.0
6.1 5.2 13.9
9.8 7.0 6.4
9.5 5.8 7.9
5.7 8.6 8.7
11.1 5.9 6.5
8.3 6.5 7.8
5.7 13.4 5.2
8.9 7.9 5.5
6.4 7.5 7.8
8.1 8.8 5.1
7.1 6.3 8.1
9.7 5.8 6.4
6.3 8.9 6.4
6.3 7.9 6.7
5.0 8.4 7.9
6.1 8.7 6.2
9.2 6.7 5.3
9.3 5.4 6.0
6.4 5.7 8.0
5.7 7.3 7.0
5.7 5.8 8.8
7.7 6.6 5.1
5.8 5.2 7.9
5.5 5.5 7.0
6.0 5.3 6.2
